This is the file that contains the bitmap of the floor.
Each floor has 11 * 11 blocks, it is aligned in row entry wise.
Each floor is seperated with a blank line.

Floor 1

32
32
32
32
27
25
32
30
32
32
32

32
32
7
148
27
32
30
148
30
32
32

32
32
27
30
27
27
32
27
27
27
32

32
32
32
32
27
27
27
27
32
27
32

30
32
30
32
32
27
27
32
32
32
32

32
32
32
27
32
27
27
32
32
32
30

32
32
27
27
32
27
32
32
30
32
32

32
30
32
27
27
27
32
32
32
32
32

32
32
32
27
27
27
32
32
32
32
32

32
32
32
32
32
27
32
32
32
32
32

32
32
30
32
32
27
32
32
32
32
32

Floor 2

27
27
27
27
30
26
30
30
32
32
27

27
27
30
27
30
27
30
30
30
32
32

27
27
30
27
30
27
27
27
27
27
32

27
148
30
27
30
27
27
27
148
27
27

30
2
30
27
30
27
27
30
32
32
32

30
30
30
27
27
27
27
32
32
32
30

30
30
30
30
30
27
32
32
30
8
1

30
27
27
27
30
27
32
32
27
27
30

30
27
30
27
30
27
148
170
170
35
4

30
27
30
27
30
27
32
32
32
3
32

30
25
30
27
27
27
32
32
32
32
32

Floor 3

25
27
27
27
30
8
5
8
5
5
27

27
27
30
27
30
148
170
148
27
27
27

30
30
30
27
30
27
27
27
27
27
3

27
27
27
27
30
27
27
148
148
148
7

27
27
30
27
30
30
30
30
35
30
30

148
30
30
27
27
27
27
27
27
27
30

148
30
30
30
30
30
30
30
30
27
27

148
30
30
30
30
30
30
30
30
27
27

27
30
30
30
30
30
37
30
30
27
27

27
27
27
30
30
148
27
170
30
27
27

30
26
27
27
27
27
27
27
27
27
27


Below are the status of the player

1000
10
10
0
0

Below are the inventory

0
0
0
0

