
0
0
0
0
0
15
15
0
0
0
0
0
0
0
0
15
e8
e8
0
15
0
0
0
0
0
0
15
0
e8
e9
0
0
0
0
0
0
0
0
0
15
e9
0
0
0
0
0
0
0
0
0
0
15
39
0
0
15
0
0
0
0
0
0
15
e7
81
ea
ea
39
15
0
0
0
0
0
e8
87
5d
39
87
ab
e8
0
0
0
0
0
0
39
5d
87
d5
ea
e8
0
0
0
0
b1
e7
0
39
e8
ea
0
15
dc
0
0
0
e7
87
0
0
0
0
15
db
39
0
0
0
0
e9
39
39
39
39
ea
e8
e9
0
0
0
0
0
e9
e8
0
0
e9
0
0
0
0
0
0
0
0
0
45
45
0
0
0
0
0
0
0
0
45
45
21
21
45
0
0
0
0
0
0
45
21
45
4b
45
0
0
0
0
0
0
0
0
45
4b
21
45
0
0
0
0
0
0
0
0
45
70
70
21
45
0
0
0
0
0
0
45
70
e5
70
70
70
45
0
0
0
0
0
21
e5
e5
e5
e5
e5
21
0
0
0
0
0
21
e5
e5
e5
e5
70
21
0
0
0
0
e5
21
21
70
70
70
21
45
e5
0
0
0
69
e5
21
21
21
21
45
e5
69
0
0
0
ea
69
70
70
70
70
70
69
ea
0
0
0
0
ea
20
20
20
20
20
ea
0
0
0
