
0
0
0
0
e8
0
0
0
0
0
0
0
0
0
0
0
0
0
0
0
0
0
0
0
0
0
0
0
2
0
0
15
0
0
0
0
0
0
e8
0
15
15
0
0
0
0
0
0
0
0
15
2
ea
15
45
e7
0
0
0
0
0
0
e8
15
5d
3f
3f
e8
15
0
0
0
0
0
e8
b1
39
e7
39
e9
e8
0
0
0
0
0
15
e8
d5
b1
87
0
e8
0
0
0
0
dc
0
0
0
e9
e9
0
e8
dc
0
0
0
e8
ab
0
0
0
e8
0
dc
e8
0
0
0
e7
e8
39
ea
ea
0
e8
0
0
0
0
0
0
0
e8
0
10
e8
e8
e7
0
0
0
0
0
0
0
45
0
0
0
0
0
0
0
0
0
0
45
0
0
0
0
0
0
0
0
0
0
0
45
45
0
0
45
0
0
0
0
0
0
45
21
4b
21
0
21
0
0
0
0
0
0
45
4b
70
21
45
4b
0
0
0
0
0
0
45
4b
e5
4b
4b
4b
45
0
0
0
0
0
21
e5
e5
4b
4b
4b
21
0
0
0
0
0
21
4b
e5
e5
e5
4b
21
0
0
0
0
e5
21
21
4b
4b
4b
21
45
e5
0
0
0
69
e5
21
21
21
21
45
e5
69
0
0
0
ea
69
70
70
70
70
70
69
ea
0
0
0
0
ea
20
20
20
20
20
ea
0
0
0
