
0
0
0
0
0
0
0
0
0
0
0
0
0
0
0
0
0
0
0
2
0
0
0
0
0
0
0
0
e8
0
0
0
0
0
0
0
0
0
0
0
e8
15
0
15
0
0
0
0
0
0
0
0
0
0
0
15
0
0
0
0
0
0
0
e8
15
39
ea
39
0
0
0
0
0
0
0
15
39
dc
ab
0
15
0
0
0
0
0
e8
0
87
e7
5d
ea
e8
0
0
0
0
d5
0
0
0
0
d5
0
e8
dc
0
0
0
e8
db
0
15
e8
e8
15
dc
39
0
0
0
0
39
39
39
39
3f
39
39
0
0
0
0
0
0
18
17
18
18
18
0
0
0
0
0
0
0
0
0
0
0
0
0
0
0
0
0
0
0
0
0
0
0
4b
0
0
0
0
0
0
0
0
45
0
0
0
0
0
0
0
0
0
0
0
21
45
0
21
0
0
0
0
0
0
0
0
45
21
45
4b
0
0
0
0
0
0
0
45
4b
70
70
4b
0
0
0
0
0
0
0
21
70
e5
e5
4b
21
0
0
0
0
0
45
45
e5
e5
e5
70
21
0
0
0
0
e5
21
45
70
70
e5
21
45
e5
0
0
0
69
e5
21
45
45
21
45
e5
69
0
0
0
ea
69
70
70
70
70
70
69
ea
0
0
0
0
ea
20
20
20
20
20
ea
0
0
0
